2.43 1.07 1.54 0.11 0.05 1.08 0.81 1.53
2.45 1.02 1.58 0.11 0.05 1.06 0.76 1.49
2.55 1.10 1.53 0.10 0.05 1.05 0.80 1.57
2.52 1.05 1.52 0.10 0.05 1.02 0.81 1.53
2.66 1.06 1.58 0.11 0.06 1.06 0.79 1.53
2.68 1.07 1.61 0.10 0.05 1.09 0.82 1.55
2.52 1.07 1.56 0.10 0.06 1.09 0.77 1.52
2.58 1.05 1.47 0.10 0.06 1.10 0.81 1.62
2.47 1.04 1.53 0.10 0.06 1.04 0.77 1.58
2.51 1.03 1.60 0.11 0.05 1.03 0.81 1.53
2.48 1.06 1.56 0.11 0.05 1.10 0.81 1.55
2.56 1.06 1.52 0.10 0.06 1.06 0.77 1.54
2.61 1.04 1.60 0.11 0.05 1.05 0.81 1.58
2.57 1.02 1.47 0.10 0.05 1.07 0.78 1.56
2.48 1.04 1.55 0.10 0.05 1.09 0.78 1.57
2.52 1.01 1.57 0.10 0.05 1.05 0.81 1.56
2.53 1.01 1.57 0.11 0.05 1.03 0.77 1.52
2.71 1.08 1.50 0.10 0.06 1.06 0.78 1.62
2.59 1.05 1.55 0.11 0.05 1.05 0.75 1.56
2.46 1.02 1.54 0.11 0.05 1.05 0.77 1.51
2.57 1.04 1.52 0.10 0.05 1.05 0.76 1.55
2.50 1.06 1.54 0.11 0.05 1.06 0.77 1.56
2.67 1.05 1.57 0.11 0.06 1.07 0.79 1.52
2.48 1.05 1.58 0.11 0.05 1.09 0.78 1.56
2.57 1.04 1.52 0.10 0.05 1.06 0.82 1.57
2.46 1.06 1.53 0.10 0.05 1.09 0.80 1.53
2.52 1.05 1.53 0.11 0.06 1.04 0.79 1.54
2.65 1.06 1.55 0.10 0.05 1.06 0.83 1.50
2.65 1.08 1.53 0.11 0.05 1.03 0.80 1.55
2.53 1.04 1.58 0.10 0.05 1.06 0.77 1.51
2.62 1.01 1.62 0.10 0.06 1.05 0.79 1.54
2.70 1.04 1.52 0.11 0.06 1.04 0.77 1.56
2.58 1.05 1.58 0.10 0.05 1.05 0.80 1.53
2.42 1.05 1.58 0.10 0.06 1.12 0.79 1.54
2.51 1.07 1.58 0.10 0.05 1.02 0.79 1.56
2.64 1.07 1.54 0.10 0.05 1.08 0.79 1.59
2.53 1.04 1.52 0.11 0.05 1.06 0.79 1.58
2.56 1.08 1.51 0.10 0.05 1.08 0.77 1.54
2.62 1.05 1.51 0.10 0.06 1.10 0.80 1.54
2.67 1.06 1.58 0.10 0.06 1.07 0.76 1.57
2.64 1.04 1.60 0.11 0.06 1.08 0.80 1.53
2.51 1.05 1.53 0.11 0.05 1.06 0.81 1.57
2.36 1.04 1.55 0.10 0.05 1.06 0.79 1.53
2.73 1.08 1.56 0.10 0.05 1.07 0.76 1.61
2.39 1.07 1.56 0.10 0.06 1.06 0.83 1.57
2.36 1.06 1.59 0.10 0.06 1.04 0.80 1.50
2.52 1.04 1.58 0.10 0.05 1.05 0.78 1.55
2.47 1.03 1.64 0.10 0.05 1.05 0.79 1.53
2.61 1.02 1.53 0.10 0.05 1.09 0.78 1.57
2.42 1.02 1.52 0.11 0.05 1.06 0.79 1.57
2.54 1.03 1.52 0.11 0.05 1.08 0.83 1.52
2.59 1.04 1.55 0.10 0.06 1.09 0.82 1.56
2.45 1.03 1.52 0.10 0.05 1.06 0.81 1.56
2.63 1.05 1.52 0.11 0.05 1.07 0.80 1.59
2.55 1.10 1.56 0.10 0.05 1.04 0.82 1.58
2.46 1.06 1.55 0.11 0.05 1.04 0.79 1.54
2.53 1.08 1.51 0.11 0.05 1.05 0.74 1.52
2.46 1.05 1.56 0.11 0.05 1.06 0.78 1.55
2.47 1.07 1.61 0.10 0.05 1.06 0.85 1.60
2.47 1.07 1.61 0.10 0.05 1.05 0.78 1.62
2.52 1.05 1.52 0.11 0.05 1.04 0.76 1.55
2.54 1.07 1.58 0.10 0.05 1.04 0.79 1.48
2.49 1.05 1.54 0.11 0.06 1.04 0.83 1.57
2.53 1.03 1.54 0.11 0.06 1.04 0.80 1.55
2.55 1.05 1.52 0.10 0.06 1.07 0.78 1.54
2.59 1.04 1.47 0.11 0.05 1.06 0.78 1.59
2.59 1.08 1.55 0.10 0.05 1.05 0.78 1.56
2.55 1.07 1.59 0.10 0.05 1.07 0.77 1.56
2.42 1.04 1.57 0.10 0.06 1.10 0.80 1.55
2.42 1.03 1.44 0.10 0.06 1.04 0.79 1.56
2.38 1.00 1.52 0.11 0.05 1.03 0.79 1.57
2.73 1.00 1.54 0.10 0.06 1.09 0.77 1.52
2.52 1.06 1.63 0.10 0.05 1.06 0.78 1.56
2.62 1.08 1.57 0.10 0.05 1.07 0.80 1.55
2.60 1.05 1.58 0.10 0.06 1.06 0.83 1.59
2.54 1.02 1.59 0.11 0.05 1.04 0.80 1.57
2.56 1.06 1.57 0.10 0.05 1.08 0.80 1.56
2.49 1.07 1.53 0.10 0.05 1.04 0.78 1.53
2.46 1.00 1.56 0.10 0.05 1.06 0.76 1.61
2.56 1.08 1.59 0.10 0.05 1.06 0.83 1.54
2.47 1.05 1.48 0.10 0.06 1.06 0.79 1.56
2.63 1.00 1.48 0.10 0.05 1.07 0.77 1.57
2.50 1.08 1.60 0.11 0.06 1.04 0.77 1.55
2.46 1.05 1.53 0.11 0.05 1.07 0.78 1.55
2.64 1.06 1.54 0.10 0.05 1.05 0.76 1.58
2.53 1.00 1.51 0.10 0.05 1.06 0.80 1.56
2.55 1.04 1.50 0.10 0.05 1.06 0.79 1.49
2.64 0.97 1.57 0.11 0.06 1.06 0.81 1.48
2.57 1.05 1.53 0.10 0.05 1.06 0.79 1.57
2.49 1.05 1.51 0.10 0.05 1.04 0.79 1.47
2.40 1.05 1.55 0.10 0.05 1.06 0.78 1.52
2.58 1.06 1.53 0.11 0.05 1.07 0.79 1.53
2.64 1.05 1.56 0.10 0.06 1.04 0.84 1.59
2.41 1.02 1.50 0.10 0.05 1.07 0.78 1.50
2.56 1.07 1.58 0.10 0.05 1.08 0.73 1.54
2.54 1.04 1.56 0.11 0.05 1.11 0.78 1.53
2.59 1.00 1.54 0.11 0.06 1.06 0.79 1.58
2.49 1.06 1.52 0.10 0.05 1.08 0.78 1.54
2.52 1.02 1.52 0.10 0.05 1.11 0.80 1.57
2.49 1.07 1.55 0.11 0.06 1.05 0.80 1.59